 0.0
 104
 103
 103
 103
 103
 103
 103
 103
 103
 103
 103
 103
 103
 103
 103
 103
 103
 103
 103
 102
 102
 102
 102
 102
99.0
99.1
99.2
99.4
99.5
99.6
99.7
99.8
99.9
 100
 100
 100
 100
 100
 102
 104
 107
 109
 111
 114
 116
 118
 119
 121
 123
 122
 124
 125
 127
 128
 130
 131
 132
 133
 135
 136
 137
 138
 138
 137
 137
 136
 136
 135
 135
 134
 134
 133
 133
 133
 132
 130
 130
 129
 129
 129
 128
 128
 128
 128
 128
 129
 130
 131
 132
 132
 133
 134
 135
 135
 136
 137
 138
 138
 139
 140
 139
 140
 140
 141
 141
 142
 143
 143
 142
 142
 142
 141
 141
 141
 140
 140
 140
 139
 139
 139
 139
 138
 138
 138
 137
 137
 137
 137
 136
 136
 135
